34 0.1021116354079381
239 0.10826785425124402
95 0.11063168043559926
48 0.1126888947540029
182 0.11309309752539519
159 0.1134077349548269
160 0.11565895949303565
212 0.11656408521682307
162 0.11704033263621386
138 0.11716585274973874
222 0.11764711729574456
25 0.11774631759367463
148 0.11802021071375955
30 0.1188788139721928
83 0.11957188871434671
53 0.12020438517489745
68 0.1205219490699371
123 0.12073311069571954
181 0.12293105088578932
190 0.12341921636332892
6 0.12383272118274319
71 0.12517295075702006
117 0.12573590636552326
149 0.12646081117062077
57 0.12715854602490032
183 0.12738116634126498
216 0.1277754257881763
137 0.12829110566639612
171 0.1283213285529544
119 0.12858909297324267
35 0.12897840539730307
253 0.12945053134074352
151 0.12946781933779467
84 0.13115793331783088
54 0.1330541740048915
163 0.13317564368958323
218 0.13452735544179323
125 0.13460783816480779
110 0.13494607725800153
12 0.1351233755976878
223 0.13576540973678278
56 0.13597722571889514
153 0.1359921043995408
26 0.1360313990573941
198 0.1361028873898596
200 0.13624129931239254
105 0.13649305170759632
175 0.1365820158989154
10 0.13736139460675081
39 0.13756549868750093
207 0.13766684470345372
121 0.1378110527646098
70 0.1387714616861199
11 0.13930538755112912
142 0.13938247503781465
213 0.1397390173034868
224 0.14046744999382982
244 0.1406538824523728
130 0.14089878584045762
219 0.14110658348444188
226 0.14118840306798192
133 0.1412167531169382
33 0.14125578291323365
227 0.14146107582405754
176 0.14162762562603357
229 0.14221333795233415
235 0.14260821109965433
13 0.14286581589428882
164 0.14399998873588982
192 0.1441550881517004
49 0.1444644318781491
199 0.14478360685708735
58 0.14484298587598413
40 0.14538668575214161
45 0.14539873812403314
134 0.14548452470223872
139 0.14619158369616983
17 0.1463018674160402
94 0.14645818827191592
79 0.14653041912102854
136 0.14654363495130976
115 0.14671272539082603
147 0.14686723158803447
193 0.1469882002609056
247 0.14805932641630526
242 0.14858267118383958
194 0.14858267118384305
170 0.14864358175145667
75 0.14867166402858467
23 0.1487460059479062
180 0.14899051714848122
166 0.1490704486882354
92 0.149248435917736
237 0.14968786911392096
114 0.14986002705812496
146 0.1501966946528097
233 0.15020754090843128
27 0.15054834323446561
234 0.15086103180563704
165 0.15116564767947016
18 0.1512191492109375
102 0.15122667473448825
155 0.15167697486151194
129 0.1522701842867175
31 0.15260416248678715
116 0.15265030809589644
99 0.15295073251460578
196 0.1530683456655518
76 0.15358794340343374
3 0.15370356936562812
210 0.15417509895206694
201 0.1543421417281845
96 0.15489340150976177
104 0.1554602400931358
248 0.15659859837335993
188 0.15660432273047356
169 0.1569467276449594
16 0.15714605656135971
108 0.15730061266055223
107 0.15755642252457133
206 0.15763441520779714
173 0.15796683989019072
60 0.15797817879638257
52 0.15826747699034127
202 0.15856138980742104
231 0.15880343712013495
85 0.15909445119974747
73 0.159111323788073
61 0.1593038414502681
38 0.15970150739461647
189 0.16006448186605304
161 0.1601714395479969
185 0.16056142983931115
20 0.1608455468695053
245 0.16106096936430284
150 0.16138621519542562
215 0.1616870202869949
97 0.1618454636333232
191 0.16190929607824214
209 0.16203904023071392
168 0.16245524185279941
230 0.1625229521429849
128 0.162588842449954
8 0.16288432360568073
208 0.16319070029888946
55 0.16334315122221654
62 0.1633431512222192
195 0.1639478896117943
28 0.16395611746216188
120 0.16462678429221392
249 0.16486894793299173
251 0.16506536872354538
204 0.16579437779848227
9 0.16702247467755615
21 0.16761433179204177
246 0.16803111315696523
145 0.1682647203744428
1 0.16830987969278915
59 0.16847861068528008
74 0.1685132796822289
106 0.1685455225242205
77 0.1688715080409932
250 0.168945810886434
29 0.16897181108122752
255 0.16946452746266616
50 0.16989048648712402
187 0.170046241433157
82 0.17007533576245176
217 0.1713568989406205
93 0.17137028899246654
91 0.171685616929085
67 0.17177816946965138
172 0.17192595781996972
81 0.172133467695611
240 0.1733427855131564
69 0.17343067977344206
14 0.1735714394931101
100 0.17375361802238104
214 0.17420337480354603
32 0.1750600372906119
221 0.17604513030926502
174 0.17636377399625802
126 0.17707477189095835
144 0.1770845198540985
42 0.17788742141380143
252 0.17799218117298357
179 0.17800132853755113
65 0.17813723727548525
103 0.17835913391907482
177 0.17886831131496828
64 0.17896622656304967
37 0.17899200835286244
131 0.1802534335001025
178 0.18109718527721075
43 0.18166153560976267
118 0.18182622258128256
44 0.18187092263620308
101 0.18245942074168037
7 0.1847793723822354
158 0.18520202648623302
90 0.1855561566089024
87 0.18575075473448457
19 0.18664806755194524
15 0.1866992477080368
5 0.1867245733556461
243 0.1867252868610429
24 0.1868041657082379
211 0.18822638299172523
63 0.1882502056850382
22 0.1886130616392388
2 0.18896239050198
72 0.18922750881614597
132 0.18954761114635316
220 0.1899097674054725
232 0.19205681553947102
47 0.1921738175841582
143 0.19245647694846948
254 0.19253422545526155
41 0.19321917312778425
66 0.19332209419458035
135 0.193687672293025
238 0.19392914051084847
184 0.19520827907494154
88 0.19523295834566923
122 0.1952483586509809
89 0.1952878315024159
236 0.1968041319197037
228 0.19706754283330286
124 0.19757110025075175
78 0.1988016016941099
203 0.19893759115740875
4 0.19987094547242815
157 0.20005795019183845
86 0.20118187231885953
225 0.2015251840498505
113 0.20164780201178792
205 0.2038157843634866
140 0.20449753368230514
152 0.20487215595715302
51 0.2068361060678796
197 0.20683952456983334
127 0.2084869145576801
154 0.20891306962725173
156 0.2121970406957772
98 0.21303769497610225
109 0.21313225649532536
0 0.2160268235557179
80 0.21651374516242944
46 0.22209199271689128
186 0.22213921405707798
241 0.2227765394439886
111 0.22414216724886835
112 0.2273435477351504
167 0.2362373422406753
141 0.23790528570128008
36 0.24258104501774932
