70 0.10342827722168893
88 0.11854124576183864
124 0.1262636042561335
25 0.12663502190673942
238 0.127255359056952
71 0.12789175971828792
111 0.12947305830519262
40 0.13100851583030138
237 0.13128161442124353
82 0.13493046441530757
176 0.1350346012308834
41 0.13851954611314915
85 0.13943121981574988
96 0.13985382604839175
195 0.14019065873161998
242 0.14085805452140318
113 0.14119551786614465
19 0.14152333714564586
79 0.14153720440086237
148 0.14230554363651257
55 0.14257037881701584
246 0.1434715561065808
144 0.14370282818360464
42 0.14401242787620072
75 0.1441179587329457
28 0.14489346022318136
198 0.14558855014859012
130 0.14572999621412563
97 0.14587444909770267
245 0.145942587439667
104 0.14596012950303677
36 0.14648594034477788
247 0.14713780214379918
51 0.14743816309427338
146 0.14780945177079963
99 0.1478267415712401
160 0.14799763616346573
61 0.14805094450926726
33 0.14809962010481553
141 0.14815762558817067
10 0.14827058342848043
63 0.14879979291743875
118 0.14962282737635782
163 0.14974224128468877
114 0.14992710552029348
7 0.15042044888926576
210 0.15078474700637512
31 0.15159126090608696
45 0.1516256563287307
110 0.1517768140918837
102 0.15187346905673244
103 0.1524718078179028
106 0.15278205629503672
135 0.15282732497553886
142 0.15370743729570113
67 0.15379221665793913
131 0.15414180443958808
120 0.15420256035647412
226 0.15473978264778276
26 0.15478287805760618
201 0.1550880974137561
164 0.15514391682401293
56 0.15535181387602953
161 0.1553934681417647
37 0.1554249970741775
6 0.15569771886498232
222 0.15569771886498618
207 0.155987114086575
80 0.1561744399129833
134 0.15631696560974634
90 0.1563437433910437
133 0.1564499453984934
205 0.15690147829335274
153 0.1569252449405653
69 0.15766016801441313
200 0.1578070524837639
192 0.15787857545630746
215 0.1579449815589444
136 0.1581599717133503
145 0.15843533621688752
211 0.15888964969418584
216 0.15906618280587217
221 0.15915448138739968
84 0.15996502185400543
62 0.15997756642743832
9 0.16014161990395478
119 0.16028783748132136
197 0.16061216649514426
228 0.161334530178839
250 0.16146893202147417
107 0.1616243874015867
137 0.16171565755691766
129 0.16200855835346412
23 0.16221707509178257
157 0.16222066220546055
39 0.16227607837866628
27 0.16246400998095667
0 0.1628377946009088
126 0.16302303955604608
66 0.1631714165030948
174 0.16322668758723244
149 0.16327706833962174
225 0.163736604704135
166 0.16381159644675564
60 0.1638645795811631
214 0.1639194421558125
65 0.16392175083661154
162 0.16399046624186853
8 0.16426825320361343
188 0.16458511011399984
234 0.16461889954613534
16 0.16510195392344296
50 0.16519140006384997
83 0.16574232131413869
143 0.16581627777574157
29 0.16584986158201812
117 0.16605680477454798
100 0.16635262736133433
108 0.16659021810958596
59 0.16661846605253297
54 0.1671049929146186
194 0.1678809319117377
43 0.16868667050086186
230 0.1690383765652873
1 0.169161437480779
58 0.16918467580624827
24 0.16922366656099788
255 0.16929673679542184
252 0.1695657773408038
173 0.16988830880583167
52 0.1699584401301132
112 0.17015194203039252
22 0.17017934286392505
168 0.1703118501276834
35 0.1712959553101424
151 0.17148705435300954
14 0.17174253369901288
13 0.172134038824986
158 0.1731106411445285
186 0.1732176533305146
248 0.17331197896748313
125 0.17333156451984794
187 0.1739292823777432
15 0.17406168292903298
241 0.17417088850075785
68 0.17433903901552233
46 0.1748702290209498
95 0.17501999717708233
232 0.17509672066197804
169 0.17536606900334503
101 0.17559443999252386
224 0.17598979631951697
128 0.17602972496905606
180 0.17613036712675995
254 0.17651811747878549
105 0.17664496987015893
44 0.17682130720656714
34 0.17683084828645856
109 0.17793668726541678
21 0.1781501791966692
132 0.17841446364916874
202 0.17856088461281658
227 0.1786910822546021
251 0.17886145050154773
127 0.179122444361499
178 0.1791260794811742
32 0.18028222738419553
57 0.18052526271880154
171 0.1806411341904951
4 0.18092444409493003
185 0.18098459027768676
159 0.18139746377313304
155 0.1816453080841247
78 0.18167046541515258
165 0.18215117210500958
182 0.18224742102172597
213 0.18239727764126668
235 0.18263775632592516
5 0.18286939177701647
72 0.18287937302278934
209 0.18305295035335778
121 0.18376154418931245
123 0.1839192698017852
73 0.1840001600668076
147 0.1844697955437673
38 0.18469003148462035
193 0.18479024733786453
243 0.1847902473378694
53 0.1852449801167294
183 0.18538170152311254
212 0.18607021592624268
115 0.1861058913965516
3 0.18667293003342766
208 0.18739007501525623
204 0.1875435620515133
48 0.18790642243893063
170 0.1890017057170491
89 0.18916720182217578
203 0.19054117150334493
206 0.19068008653452406
86 0.19109213072597978
217 0.1915358506410887
189 0.19177221389934015
91 0.1922553134161936
139 0.19251096703486847
236 0.19376863747246126
17 0.19416281805309799
30 0.19439947346797926
253 0.19444754055111274
140 0.19636211514700078
49 0.19721701003242104
177 0.19766756806869296
2 0.19787837528976743
167 0.1980801307747475
18 0.19910734339409442
191 0.19924478370551832
150 0.19927562119297904
219 0.19961661058105767
175 0.19979160189655737
122 0.20000876609857984
92 0.20005795019183692
77 0.2005083547446786
220 0.2014688839574877
138 0.20161689932992855
81 0.2022251734665699
11 0.20293895345367852
156 0.20307394046232252
184 0.20402894186009463
181 0.2042118301774974
116 0.20606584859724714
240 0.20618883669919996
154 0.20782974172005797
223 0.2094180680106108
199 0.21022320655257645
229 0.21066543716007718
74 0.21170679006537363
244 0.21243328563076275
172 0.21316774915503642
12 0.2140357645771969
239 0.21493252277912003
179 0.21510003808181505
87 0.21676693372144007
64 0.21687501435773013
98 0.21693447828807044
47 0.21844224437801013
231 0.21886961209829794
93 0.2210708972507701
190 0.22109696653189065
218 0.22352989517763172
233 0.2309621830385381
76 0.23303476478170518
20 0.23724891635389114
152 0.2388734917112552
249 0.24014346371408965
94 0.2490609325987987
196 0.25673905362220734
